Date: 4/18/2016

From File
Energy
E:\Users\Sean_F\TaN_standard_Region.txt
: 59.00000000
: 65.00000000
: 0.20000000
Delay After Move (s): 0.00000000
Count Time (s): 1.00000000
Scan Number: Average of 4 scans
Bi-directional: No
Stay at End: 1
Description Length: 0

Time of Day	Time (s)	Energy	Channeltron	Counter 0	Counter 2	Counter 3	Counter 4	Counter 5	Counter 6	Izero	TEY_up	TEY_dn	Analog 2	Analog 3	Energy	Beam Current	Main Chamber Pressure	Flow Cell Pressure	Temp A	Temp B	Temp C	Temp D	Gate
16:07:27	5516.40400000	384.99997071	8310.25000000	0.00000000	0.00000000	0.00000000	0.00000000	0.00000000	0.00000000	NaN	91099.32895541	87872.33991041	90281.57312145	87426.91477589	385.00041922	396.53936542	0.00000000	0.00000008	0.00000000	0.00000000	0.00000000	0.00000000	0.00000000
16:07:27	5516.40400000	385.25032630	8427.75000000	0.00000000	0.00000000	0.00000000	0.00000000	0.00000000	0.00000000	NaN	91444.21972784	87922.55912259	90540.06165012	87785.82922950	385.25015377	396.49333928	0.00000000	0.00000008	0.00000000	0.00000000	0.00000000	0.00000000	0.00000000
16:07:27	5516.40400000	385.50017824	8384.75000000	0.00000000	0.00000000	0.00000000	0.00000000	0.00000000	0.00000000	NaN	91825.80903719	88153.69848390	90567.35021174	87715.12246263	385.50007424	396.59454229	0.00000000	0.00000008	0.00000000	0.00000000	0.00000000	0.00000000	0.00000000
16:07:27	5516.40400000	385.75042368	8317.50000000	0.00000000	0.00000000	0.00000000	0.00000000	0.00000000	0.00000000	NaN	92167.39272119	88524.90241423	90859.08407951	88089.07097566	385.74966072	396.46595521	0.00000000	0.00000008	0.00000000	0.00000000	0.00000000	0.00000000	0.00000000
16:07:27	5516.40400000	386.00071702	8502.00000000	0.00000000	0.00000000	0.00000000	0.00000000	0.00000000	0.00000000	NaN	92509.13465848	88188.05411078	90999.33709193	88386.64400476	386.00023233	396.41949764	0.00000000	0.00000008	0.00000000	0.00000000	0.00000000	0.00000000	0.00000000
16:07:27	5516.40400000	386.24918425	8323.50000000	0.00000000	0.00000000	0.00000000	0.00000000	0.00000000	0.00000000	NaN	92842.63930806	88907.63721917	91400.78924666	88624.48656469	386.24934165	396.35278586	0.00000000	0.00000008	0.00000000	0.00000000	0.00000000	0.00000000	0.00000000
16:07:27	5516.40400000	386.49977805	8504.25000000	0.00000000	0.00000000	0.00000000	0.00000000	0.00000000	0.00000000	NaN	93240.82898384	89153.41310901	91618.30638454	88836.72048153	386.50012646	396.40816709	0.00000000	0.00000008	0.00000000	0.00000000	0.00000000	0.00000000	0.00000000
16:07:27	5516.40400000	386.74958409	8534.75000000	0.00000000	0.00000000	0.00000000	0.00000000	0.00000000	0.00000000	NaN	93564.27034596	89336.35351917	91864.85288311	89023.12259611	386.74995010	396.25896247	0.00000000	0.00000008	0.00000000	0.00000000	0.00000000	0.00000000	0.00000000
16:07:27	5516.40400000	386.99964360	8408.00000000	0.00000000	0.00000000	0.00000000	0.00000000	0.00000000	0.00000000	NaN	93912.71978891	89691.08879463	92155.12599658	89416.27657602	386.99990439	396.15385393	0.00000000	0.00000008	0.00000000	0.00000000	0.00000000	0.00000000	0.00000000
16:07:27	5516.40400000	387.25030568	8714.00000000	0.00000000	0.00000000	0.00000000	0.00000000	0.00000000	0.00000000	NaN	94299.77898182	90014.11439014	92434.62565841	89677.84900303	387.24999211	396.21745493	0.00000000	0.00000008	0.00000000	0.00000000	0.00000000	0.00000000	0.00000000
16:07:27	5516.40400000	387.50003554	8450.50000000	0.00000000	0.00000000	0.00000000	0.00000000	0.00000000	0.00000000	NaN	94619.22343340	90207.37112280	92803.63179574	90074.12340902	387.49987880	396.07828660	0.00000000	0.00000008	0.00000000	0.00000000	0.00000000	0.00000000	0.00000000
16:07:27	5516.40400000	387.75008770	8703.50000000	0.00000000	0.00000000	0.00000000	0.00000000	0.00000000	0.00000000	NaN	94941.17559127	90714.55743823	93078.25002037	90378.25381630	387.74944685	396.02285995	0.00000000	0.00000008	0.00000000	0.00000000	0.00000000	0.00000000	0.00000000
16:07:27	5516.40400000	387.99955250	8680.50000000	0.00000000	0.00000000	0.00000000	0.00000000	0.00000000	0.00000000	NaN	95271.11751243	91101.26544877	93461.24334300	90658.07407632	387.99992096	395.93814189	0.00000000	0.00000008	0.00000000	0.00000000	0.00000000	0.00000000	0.00000000
16:07:27	5516.40400000	388.25024995	8676.25000000	0.00000000	0.00000000	0.00000000	0.00000000	0.00000000	0.00000000	NaN	95650.56025755	91034.45260786	93764.78533406	91008.95818072	388.24953205	395.99213802	0.00000000	0.00000008	0.00000000	0.00000000	0.00000000	0.00000000	0.00000000
16:07:27	5516.40400000	388.50021855	8744.50000000	0.00000000	0.00000000	0.00000000	0.00000000	0.00000000	0.00000000	NaN	96011.56446310	91065.19477492	93912.74001938	91214.83356837	388.50030579	395.95828258	0.00000000	0.00000008	0.00000000	0.00000000	0.00000000	0.00000000	0.00000000
16:07:27	5516.40400000	388.74980631	8673.75000000	0.00000000	0.00000000	0.00000000	0.00000000	0.00000000	0.00000000	NaN	96325.33614216	91801.96273295	94148.72007707	91312.27297548	388.74992940	395.80739768	0.00000000	0.00000008	0.00000000	0.00000000	0.00000000	0.00000000	0.00000000
16:07:27	5516.40400000	389.00323413	8836.00000000	0.00000000	0.00000000	0.00000000	0.00000000	0.00000000	0.00000000	NaN	96647.64944221	92102.76442312	94502.54608482	91820.46898897	389.00098177	395.70237997	0.00000000	0.00000008	0.00000000	0.00000000	0.00000000	0.00000000	0.00000000
16:07:27	5516.40400000	389.24980419	8699.25000000	0.00000000	0.00000000	0.00000000	0.00000000	0.00000000	0.00000000	NaN	97038.17397685	92326.61230163	94811.01018029	92010.26340179	389.25029642	395.73814276	0.00000000	0.00000008	0.00000000	0.00000000	0.00000000	0.00000000	0.00000000
16:07:27	5516.40400000	389.50035631	8789.75000000	0.00000000	0.00000000	0.00000000	0.00000000	0.00000000	0.00000000	NaN	97368.68398683	93013.14911493	95339.72641633	92464.24346328	389.50010801	395.62874269	0.00000000	0.00000008	0.00000000	0.00000000	0.00000000	0.00000000	0.00000000
16:07:27	5516.40400000	389.75045399	8692.00000000	0.00000000	0.00000000	0.00000000	0.00000000	0.00000000	0.00000000	NaN	97673.64623163	92962.06411645	95314.13398696	92479.83343950	389.75006439	395.46718572	0.00000000	0.00000008	0.00000000	0.00000000	0.00000000	0.00000000	0.00000000
16:07:27	5516.40400000	389.99974113	8715.25000000	0.00000000	0.00000000	0.00000000	0.00000000	0.00000000	0.00000000	NaN	98024.86713642	92950.54420949	95439.49899064	92664.49476164	390.00035797	395.47729013	0.00000000	0.00000008	0.00000000	0.00000000	0.00000000	0.00000000	0.00000000
16:07:27	5516.40400000	390.25012656	8882.75000000	0.00000000	0.00000000	0.00000000	0.00000000	0.00000000	0.00000000	NaN	98368.86114005	93499.21309750	95950.58011582	93187.00661859	390.24979111	395.49298034	0.00000000	0.00000008	0.00000000	0.00000000	0.00000000	0.00000000	0.00000000
16:07:27	5516.40400000	390.49998258	8929.00000000	0.00000000	0.00000000	0.00000000	0.00000000	0.00000000	0.00000000	NaN	98660.55039569	93747.20091252	96346.21341459	93628.99594628	390.49978782	395.33866675	0.00000000	0.00000008	0.00000000	0.00000000	0.00000000	0.00000000	0.00000000
16:07:27	5516.40400000	390.75001670	8702.50000000	0.00000000	0.00000000	0.00000000	0.00000000	0.00000000	0.00000000	NaN	99006.40691906	94091.27547634	96512.71213171	93768.95274129	390.74992661	395.37517885	0.00000000	0.00000008	0.00000000	0.00000000	0.00000000	0.00000000	0.00000000
16:07:27	5516.40400000	390.99930460	8875.75000000	0.00000000	0.00000000	0.00000000	0.00000000	0.00000000	0.00000000	NaN	99320.68176258	94046.63141410	96630.63113024	93887.65083557	390.99996289	395.24341285	0.00000000	0.00000008	0.00000000	0.00000000	0.00000000	0.00000000	0.00000000
16:07:27	5516.40400000	391.24955157	9000.75000000	0.00000000	0.00000000	0.00000000	0.00000000	0.00000000	0.00000000	NaN	99579.35288528	94243.62490824	96787.44800314	94092.72278332	391.24985416	394.96300990	0.00000000	0.00000008	0.00000000	0.00000000	0.00000000	0.00000000	0.00000000
16:07:27	5516.40400000	391.50019036	9025.75000000	0.00000000	0.00000000	0.00000000	0.00000000	0.00000000	0.00000000	NaN	99885.23624559	94609.16197252	97244.01285994	94569.23567659	391.49963799	394.86943628	0.00000000	0.00000008	0.00000000	0.00000000	0.00000000	0.00000000	0.00000000
16:07:27	5516.40400000	391.75050805	8942.75000000	0.00000000	0.00000000	0.00000000	0.00000000	0.00000000	0.00000000	NaN	100245.66830472	94937.21347412	97401.54388791	94565.02370030	391.74991959	394.87340993	0.00000000	0.00000008	0.00000000	0.00000000	0.00000000	0.00000000	0.00000000
16:07:27	5516.40400000	392.00007394	8983.75000000	0.00000000	0.00000000	0.00000000	0.00000000	0.00000000	0.00000000	NaN	100566.33820516	95204.03569200	97581.05995792	94805.74321955	392.00009271	394.77418238	0.00000000	0.00000008	0.00000000	0.00000000	0.00000000	0.00000000	0.00000000
16:07:27	5516.40400000	392.25060209	8907.50000000	0.00000000	0.00000000	0.00000000	0.00000000	0.00000000	0.00000000	NaN	100877.61029364	95236.36078773	97791.00937742	95024.76986213	392.25022666	394.66139904	0.00000000	0.00000008	0.00000000	0.00000000	0.00000000	0.00000000	0.00000000
16:07:27	5516.40400000	392.50066246	9127.25000000	0.00000000	0.00000000	0.00000000	0.00000000	0.00000000	0.00000000	NaN	101158.51397762	95626.19885724	98113.99216704	95358.12842835	392.50012539	394.64548176	0.00000000	0.00000008	0.00000000	0.00000000	0.00000000	0.00000000	0.00000000
16:07:27	5516.40400000	392.74953518	9018.00000000	0.00000000	0.00000000	0.00000000	0.00000000	0.00000000	0.00000000	NaN	101539.72997164	95992.28347836	98584.28044567	95786.60129519	392.74867747	394.79743387	0.00000000	0.00000008	0.00000000	0.00000000	0.00000000	0.00000000	0.00000000
16:07:27	5516.40400000	393.00059149	9135.75000000	0.00000000	0.00000000	0.00000000	0.00000000	0.00000000	0.00000000	NaN	101817.62278499	96050.53389462	98714.01571621	95929.71910038	393.00010503	394.67565874	0.00000000	0.00000008	0.00000000	0.00000000	0.00000000	0.00000000	0.00000000
16:07:27	5516.40400000	393.24909180	9200.25000000	0.00000000	0.00000000	0.00000000	0.00000000	0.00000000	0.00000000	NaN	102094.65534959	96624.37724387	99089.78618559	96311.07711765	393.24986514	394.56905158	0.00000000	0.00000008	0.00000000	0.00000000	0.00000000	0.00000000	0.00000000
16:07:27	5516.40400000	393.49927495	9255.75000000	0.00000000	0.00000000	0.00000000	0.00000000	0.00000000	0.00000000	NaN	102394.41552427	96811.05056931	99321.16875068	96579.22315403	393.49961870	394.50545058	0.00000000	0.00000008	0.00000000	0.00000000	0.00000000	0.00000000	0.00000000
16:07:27	5516.40400000	393.74999296	9252.00000000	0.00000000	0.00000000	0.00000000	0.00000000	0.00000000	0.00000000	NaN	102741.25808781	97088.87889059	99583.33770641	96840.07736159	393.74977763	394.59082714	0.00000000	0.00000008	0.00000000	0.00000000	0.00000000	0.00000000	0.00000000
16:07:27	5516.40400000	394.00059745	9176.75000000	0.00000000	0.00000000	0.00000000	0.00000000	0.00000000	0.00000000	NaN	103041.63910244	97522.18161446	99925.75726616	97150.20109542	393.99983914	394.57102705	0.00000000	0.00000008	0.00000000	0.00000000	0.00000000	0.00000000	0.00000000
16:07:27	5516.40400000	394.24993063	9279.50000000	0.00000000	0.00000000	0.00000000	0.00000000	0.00000000	0.00000000	NaN	103322.35207106	97759.34619034	100240.71788549	97498.99139408	394.25012939	394.46843894	0.00000000	0.00000008	0.00000000	0.00000000	0.00000000	0.00000000	0.00000000
16:07:27	5516.40400000	394.49957959	9213.50000000	0.00000000	0.00000000	0.00000000	0.00000000	0.00000000	0.00000000	NaN	103631.18543567	97626.78194534	100259.60278463	97495.82226838	394.50068322	394.48049611	0.00000000	0.00000008	0.00000000	0.00000000	0.00000000	0.00000000	0.00000000
16:07:27	5516.40400000	394.75070457	9185.75000000	0.00000000	0.00000000	0.00000000	0.00000000	0.00000000	0.00000000	NaN	103919.53108326	97902.78005846	100508.70162332	97808.19807371	394.74969110	394.48528718	0.00000000	0.00000008	0.00000000	0.00000000	0.00000000	0.00000000	0.00000000
16:07:27	5516.40400000	394.99997234	9291.00000000	0.00000000	0.00000000	0.00000000	0.00000000	0.00000000	0.00000000	NaN	104215.30652090	98223.57197066	100691.41116485	97939.91352428	395.00004457	394.45606388	0.00000000	0.00000008	0.00000000	0.00000000	0.00000000	0.00000000	0.00000000
16:07:27	5516.40400000	395.09978214	9198.25000000	0.00000000	0.00000000	0.00000000	0.00000000	0.00000000	0.00000000	NaN	104307.75080100	98565.58952746	101151.40484104	98373.84004500	395.10048980	394.34155484	0.00000000	0.00000008	0.00000000	0.00000000	0.00000000	0.00000000	0.00000000
16:07:27	5516.40400000	395.19927917	9385.50000000	0.00000000	0.00000000	0.00000000	0.00000000	0.00000000	0.00000000	NaN	104422.30590906	98442.20536218	101044.42562244	98286.04597911	395.20004109	394.35649574	0.00000000	0.00000008	0.00000000	0.00000000	0.00000000	0.00000000	0.00000000
16:07:27	5516.40400000	395.30027994	9369.75000000	0.00000000	0.00000000	0.00000000	0.00000000	0.00000000	0.00000000	NaN	104555.13724563	98824.21251536	101293.88559850	98521.37676833	395.30049806	394.43542364	0.00000000	0.00000008	0.00000000	0.00000000	0.00000000	0.00000000	0.00000000
16:07:27	5516.40400000	395.39944169	9277.50000000	0.00000000	0.00000000	0.00000000	0.00000000	0.00000000	0.00000000	NaN	104648.72987668	98747.24903110	101237.16190581	98437.28744806	395.40004253	394.36843937	0.00000000	0.00000008	0.00000000	0.00000000	0.00000000	0.00000000	0.00000000
16:07:27	5516.40400000	395.50090858	9351.25000000	0.00000000	0.00000000	0.00000000	0.00000000	0.00000000	0.00000000	NaN	104729.06980741	98749.76217097	101521.43762603	98812.85502512	395.50078156	394.26167326	0.00000000	0.00000008	0.00000000	0.00000000	0.00000000	0.00000000	0.00000000
16:07:27	5516.40400000	395.60060777	9449.00000000	0.00000000	0.00000000	0.00000000	0.00000000	0.00000000	0.00000000	NaN	104830.29511739	98926.84280089	101416.68609990	98648.62460052	395.60111628	394.22654626	0.00000000	0.00000008	0.00000000	0.00000000	0.00000000	0.00000000	0.00000000
16:07:27	5516.40400000	395.70072137	9307.50000000	0.00000000	0.00000000	0.00000000	0.00000000	0.00000000	0.00000000	NaN	104943.14595905	99121.48938263	101753.98881700	99022.91396906	395.70103297	394.34530142	0.00000000	0.00000008	0.00000000	0.00000000	0.00000000	0.00000000	0.00000000
16:07:27	5516.40400000	395.79913691	9365.25000000	0.00000000	0.00000000	0.00000000	0.00000000	0.00000000	0.00000000	NaN	105049.64637940	99172.16337700	101667.09151033	98859.98203995	395.79970181	394.28226809	0.00000000	0.00000008	0.00000000	0.00000000	0.00000000	0.00000000	0.00000000
16:07:27	5516.40400000	395.89956974	9211.00000000	0.00000000	0.00000000	0.00000000	0.00000000	0.00000000	0.00000000	NaN	105110.71186847	99160.42414283	101625.06513680	98919.11197459	395.90013449	394.16782717	0.00000000	0.00000008	0.00000000	0.00000000	0.00000000	0.00000000	0.00000000
16:07:27	5516.40400000	396.00027237	9369.75000000	0.00000000	0.00000000	0.00000000	0.00000000	0.00000000	0.00000000	NaN	105206.21165483	99467.44742486	101940.13528227	99174.44760167	395.99976259	394.18803598	0.00000000	0.00000008	0.00000000	0.00000000	0.00000000	0.00000000	0.00000000
16:07:27	5516.40400000	396.10051541	9485.75000000	0.00000000	0.00000000	0.00000000	0.00000000	0.00000000	0.00000000	NaN	105262.73649121	99555.80948750	101995.32105421	99148.64419626	396.09976975	394.07234621	0.00000000	0.00000008	0.00000000	0.00000000	0.00000000	0.00000000	0.00000000
16:07:27	5516.40400000	396.20059018	9397.00000000	0.00000000	0.00000000	0.00000000	0.00000000	0.00000000	0.00000000	NaN	105383.06175849	99625.58195287	102070.77948005	99361.21491373	396.20000702	394.18242747	0.00000000	0.00000008	0.00000000	0.00000000	0.00000000	0.00000000	0.00000000
16:07:27	5516.40400000	396.29940065	9582.00000000	0.00000000	0.00000000	0.00000000	0.00000000	0.00000000	0.00000000	NaN	105445.65297179	99549.63973541	102021.38012787	99236.31247393	396.29900342	394.07797743	0.00000000	0.00000008	0.00000000	0.00000000	0.00000000	0.00000000	0.00000000
16:07:27	5516.40400000	396.39906435	9654.50000000	0.00000000	0.00000000	0.00000000	0.00000000	0.00000000	0.00000000	NaN	105505.09534997	99934.96116198	102478.53742437	99683.28474808	396.39993961	394.03615199	0.00000000	0.00000008	0.00000000	0.00000000	0.00000000	0.00000000	0.00000000
16:07:27	5516.40400000	396.50009441	9649.25000000	0.00000000	0.00000000	0.00000000	0.00000000	0.00000000	0.00000000	NaN	105597.45035903	100227.74010902	102670.24708518	99898.42809308	396.50035148	393.99736924	0.00000000	0.00000008	0.00000000	0.00000000	0.00000000	0.00000000	0.00000000
16:07:27	5516.40400000	396.59883486	9503.75000000	0.00000000	0.00000000	0.00000000	0.00000000	0.00000000	0.00000000	NaN	105682.70831576	100199.41887580	102752.93244414	99989.09912834	396.60004203	394.04173780	0.00000000	0.00000008	0.00000000	0.00000000	0.00000000	0.00000000	0.00000000
16:07:27	5516.40400000	396.69989359	9508.00000000	0.00000000	0.00000000	0.00000000	0.00000000	0.00000000	0.00000000	NaN	105775.98849805	100282.12406091	102924.38570286	100246.33785762	396.70000296	393.98515313	0.00000000	0.00000008	0.00000000	0.00000000	0.00000000	0.00000000	0.00000000
16:07:27	5516.40400000	396.80056442	9501.75000000	0.00000000	0.00000000	0.00000000	0.00000000	0.00000000	0.00000000	NaN	105829.15349492	100556.16985623	103187.06185841	100416.73203790	396.80045306	393.86594384	0.00000000	0.00000008	0.00000000	0.00000000	0.00000000	0.00000000	0.00000000
16:07:27	5516.40400000	396.89996750	9588.25000000	0.00000000	0.00000000	0.00000000	0.00000000	0.00000000	0.00000000	NaN	105885.86093130	101080.07356419	103607.93451011	100841.54073223	396.89998634	393.88855954	0.00000000	0.00000008	0.00000000	0.00000000	0.00000000	0.00000000	0.00000000
16:07:27	5516.40400000	396.99971361	9609.50000000	0.00000000	0.00000000	0.00000000	0.00000000	0.00000000	0.00000000	NaN	105950.62711317	100789.10746151	103578.48724287	100896.01233726	396.99991430	393.90947226	0.00000000	0.00000008	0.00000000	0.00000000	0.00000000	0.00000000	0.00000000
16:07:27	5516.40400000	397.10156353	9662.50000000	0.00000000	0.00000000	0.00000000	0.00000000	0.00000000	0.00000000	NaN	105990.30405866	100735.92534942	103465.55522165	100775.95488595	397.10057406	393.87053056	0.00000000	0.00000008	0.00000000	0.00000000	0.00000000	0.00000000	0.00000000
16:07:27	5516.40400000	397.19935633	9623.00000000	0.00000000	0.00000000	0.00000000	0.00000000	0.00000000	0.00000000	NaN	106000.51342610	101368.03740345	103782.40676167	100943.41122958	397.19985204	393.79680245	0.00000000	0.00000008	0.00000000	0.00000000	0.00000000	0.00000000	0.00000000
16:07:27	5516.40400000	397.29947326	9812.75000000	0.00000000	0.00000000	0.00000000	0.00000000	0.00000000	0.00000000	NaN	106012.69081548	101371.18334052	103996.37741580	101208.00670599	397.30011428	393.71144860	0.00000000	0.00000008	0.00000000	0.00000000	0.00000000	0.00000000	0.00000000
16:07:27	5516.40400000	397.39949376	9696.50000000	0.00000000	0.00000000	0.00000000	0.00000000	0.00000000	0.00000000	NaN	106033.73039026	101697.87792359	104104.96354327	101333.56245387	397.39986092	393.71864657	0.00000000	0.00000008	0.00000000	0.00000000	0.00000000	0.00000000	0.00000000
16:07:27	5516.40400000	397.50052003	9702.25000000	0.00000000	0.00000000	0.00000000	0.00000000	0.00000000	0.00000000	NaN	106083.69380097	101694.49852632	104254.41147084	101488.43157384	397.50015147	393.82604846	0.00000000	0.00000008	0.00000000	0.00000000	0.00000000	0.00000000	0.00000000
16:07:27	5516.40400000	397.59968592	9659.25000000	0.00000000	0.00000000	0.00000000	0.00000000	0.00000000	0.00000000	NaN	106072.29144705	102018.71523114	104456.99193299	101716.98181761	397.59987050	393.72568559	0.00000000	0.00000008	0.00000000	0.00000000	0.00000000	0.00000000	0.00000000
16:07:27	5516.40400000	397.70125541	9808.75000000	0.00000000	0.00000000	0.00000000	0.00000000	0.00000000	0.00000000	NaN	106074.86002002	102364.45533693	104710.29463815	101921.63581362	397.70019023	393.60972334	0.00000000	0.00000008	0.00000000	0.00000000	0.00000000	0.00000000	0.00000000
16:07:27	5516.40400000	397.79956466	9857.75000000	0.00000000	0.00000000	0.00000000	0.00000000	0.00000000	0.00000000	NaN	106129.11250121	102499.03815124	105129.54823238	102419.75231124	397.80028453	393.74886896	0.00000000	0.00000008	0.00000000	0.00000000	0.00000000	0.00000000	0.00000000
16:07:27	5516.40400000	397.90035262	9798.25000000	0.00000000	0.00000000	0.00000000	0.00000000	0.00000000	0.00000000	NaN	106142.53562820	102503.84848738	104883.69155526	102008.15573536	397.90086845	393.69187557	0.00000000	0.00000008	0.00000000	0.00000000	0.00000000	0.00000000	0.00000000
16:07:27	5516.40400000	397.99993916	9848.25000000	0.00000000	0.00000000	0.00000000	0.00000000	0.00000000	0.00000000	NaN	106175.88244126	102834.22737653	105190.47576602	102372.13024011	398.00003271	393.63109018	0.00000000	0.00000008	0.00000000	0.00000000	0.00000000	0.00000000	0.00000000
16:07:27	5516.40400000	398.09920700	9761.25000000	0.00000000	0.00000000	0.00000000	0.00000000	0.00000000	0.00000000	NaN	106211.94390724	102776.12890453	105075.31198174	102290.39443051	398.09918730	393.51914698	0.00000000	0.00000008	0.00000000	0.00000000	0.00000000	0.00000000	0.00000000
16:07:27	5516.40400000	398.20081064	9932.25000000	0.00000000	0.00000000	0.00000000	0.00000000	0.00000000	0.00000000	NaN	106311.31887089	103098.54867690	105616.95221290	102901.72291456	398.19996307	393.56551372	0.00000000	0.00000008	0.00000000	0.00000000	0.00000000	0.00000000	0.00000000
16:07:27	5516.40400000	398.30047386	10049.50000000	0.00000000	0.00000000	0.00000000	0.00000000	0.00000000	0.00000000	NaN	106456.46150355	103405.84745186	105893.95231354	103079.81875408	398.30006802	393.62409657	0.00000000	0.00000008	0.00000000	0.00000000	0.00000000	0.00000000	0.00000000
16:07:27	5516.40400000	398.40026081	9925.50000000	0.00000000	0.00000000	0.00000000	0.00000000	0.00000000	0.00000000	NaN	106639.23190426	103571.17763373	106067.24780062	103297.50227202	398.39981816	393.58283880	0.00000000	0.00000008	0.00000000	0.00000000	0.00000000	0.00000000	0.00000000
16:07:27	5516.40400000	398.50046709	9925.50000000	0.00000000	0.00000000	0.00000000	0.00000000	0.00000000	0.00000000	NaN	106778.34062226	103576.42449997	106110.78776565	103359.56597459	398.50053957	393.46796646	0.00000000	0.00000008	0.00000000	0.00000000	0.00000000	0.00000000	0.00000000
16:07:27	5516.40400000	398.59983699	9877.25000000	0.00000000	0.00000000	0.00000000	0.00000000	0.00000000	0.00000000	NaN	106926.48195231	103768.35250525	106341.02197534	103550.15571086	398.59991150	393.35711318	0.00000000	0.00000008	0.00000000	0.00000000	0.00000000	0.00000000	0.00000000
16:07:27	5516.40400000	398.69925646	10085.50000000	0.00000000	0.00000000	0.00000000	0.00000000	0.00000000	0.00000000	NaN	107142.89538381	104298.28339193	106902.48853081	104148.68596871	398.69990230	393.49773472	0.00000000	0.00000008	0.00000000	0.00000000	0.00000000	0.00000000	0.00000000
16:07:27	5516.40400000	398.79931732	10060.00000000	0.00000000	0.00000000	0.00000000	0.00000000	0.00000000	0.00000000	NaN	107299.37138831	104301.36948972	106792.53087294	104053.51080470	398.79992782	393.47282566	0.00000000	0.00000008	0.00000000	0.00000000	0.00000000	0.00000000	0.00000000
16:07:27	5516.40400000	398.89831827	9989.75000000	0.00000000	0.00000000	0.00000000	0.00000000	0.00000000	0.00000000	NaN	107401.36361828	104330.46814772	106875.82890990	104022.85429326	398.89966912	393.37232655	0.00000000	0.00000008	0.00000000	0.00000000	0.00000000	0.00000000	0.00000000
16:07:27	5516.40400000	398.99996004	9951.25000000	0.00000000	0.00000000	0.00000000	0.00000000	0.00000000	0.00000000	NaN	107473.99377241	104587.70048694	107172.72433438	104391.30453187	399.00049769	393.30302622	0.00000000	0.00000008	0.00000000	0.00000000	0.00000000	0.00000000	0.00000000
16:07:27	5516.40400000	399.10120911	10108.75000000	0.00000000	0.00000000	0.00000000	0.00000000	0.00000000	0.00000000	NaN	107537.43711899	104709.60839340	107299.08352371	104550.64938502	399.10061643	393.28238598	0.00000000	0.00000008	0.00000000	0.00000000	0.00000000	0.00000000	0.00000000
16:07:27	5516.40400000	399.20228720	10150.00000000	0.00000000	0.00000000	0.00000000	0.00000000	0.00000000	0.00000000	NaN	107678.71269010	104906.01510030	107239.08927025	104417.82210118	399.20071204	393.33068277	0.00000000	0.00000008	0.00000000	0.00000000	0.00000000	0.00000000	0.00000000
16:07:27	5516.40400000	399.29978268	10148.75000000	0.00000000	0.00000000	0.00000000	0.00000000	0.00000000	0.00000000	NaN	107833.05430380	104783.06114551	107353.05195967	104562.37230317	399.30032042	393.23506557	0.00000000	0.00000008	0.00000000	0.00000000	0.00000000	0.00000000	0.00000000
16:07:27	5516.40400000	399.39977425	10094.00000000	0.00000000	0.00000000	0.00000000	0.00000000	0.00000000	0.00000000	NaN	108051.22475294	105244.97904076	107815.02991242	105086.81971881	399.40012588	393.22766324	0.00000000	0.00000008	0.00000000	0.00000000	0.00000000	0.00000000	0.00000000
16:07:27	5516.40400000	399.49907358	10163.50000000	0.00000000	0.00000000	0.00000000	0.00000000	0.00000000	0.00000000	NaN	108290.79591903	105470.21378022	107906.76001118	105067.79279765	399.49985407	393.11656018	0.00000000	0.00000008	0.00000000	0.00000000	0.00000000	0.00000000	0.00000000
16:07:27	5516.40400000	399.59990771	10258.75000000	0.00000000	0.00000000	0.00000000	0.00000000	0.00000000	0.00000000	NaN	108626.28888053	106214.54432339	108533.89757746	105688.47039473	399.60000057	393.26503819	0.00000000	0.00000008	0.00000000	0.00000000	0.00000000	0.00000000	0.00000000
16:07:27	5516.40400000	399.69975244	10188.50000000	0.00000000	0.00000000	0.00000000	0.00000000	0.00000000	0.00000000	NaN	108865.05254906	106407.76379287	108797.00388063	105920.94045886	399.70038405	393.19864429	0.00000000	0.00000008	0.00000000	0.00000000	0.00000000	0.00000000	0.00000000
16:07:27	5516.40400000	399.80053922	10126.25000000	0.00000000	0.00000000	0.00000000	0.00000000	0.00000000	0.00000000	NaN	109113.54270960	106769.48276002	109150.74061543	106267.10537188	399.79987083	393.17264531	0.00000000	0.00000008	0.00000000	0.00000000	0.00000000	0.00000000	0.00000000
16:07:27	5516.40400000	399.90018672	10351.00000000	0.00000000	0.00000000	0.00000000	0.00000000	0.00000000	0.00000000	NaN	109276.41377108	106691.75254661	109276.88879220	106507.64229119	399.90035477	393.05868123	0.00000000	0.00000008	0.00000000	0.00000000	0.00000000	0.00000000	0.00000000
16:07:27	5516.40400000	400.00040484	10288.25000000	0.00000000	0.00000000	0.00000000	0.00000000	0.00000000	0.00000000	NaN	109447.38415593	106916.58947391	109502.91916383	106766.39862684	400.00025761	393.14623762	0.00000000	0.00000008	0.00000000	0.00000000	0.00000000	0.00000000	0.00000000
16:07:27	5516.40400000	400.09910961	10289.25000000	0.00000000	0.00000000	0.00000000	0.00000000	0.00000000	0.00000000	NaN	109585.97753643	107454.05424405	109900.92624001	107103.02371038	400.09976149	393.11183722	0.00000000	0.00000008	0.00000000	0.00000000	0.00000000	0.00000000	0.00000000
16:07:27	5516.40400000	400.20009792	10260.00000000	0.00000000	0.00000000	0.00000000	0.00000000	0.00000000	0.00000000	NaN	109704.08725764	107248.85997267	109828.59229047	107143.68263673	400.20033896	393.12675541	0.00000000	0.00000008	0.00000000	0.00000000	0.00000000	0.00000000	0.00000000
16:07:27	5516.40400000	400.30128628	10395.25000000	0.00000000	0.00000000	0.00000000	0.00000000	0.00000000	0.00000000	NaN	109769.56760843	107961.45875160	110418.23604162	107658.31834619	400.30063307	393.00118830	0.00000000	0.00000008	0.00000000	0.00000000	0.00000000	0.00000000	0.00000000
16:07:27	5516.40400000	400.39894653	10533.00000000	0.00000000	0.00000000	0.00000000	0.00000000	0.00000000	0.00000000	NaN	109852.28945460	108887.94322430	111367.99938534	108603.80884306	400.39982458	392.95809130	0.00000000	0.00000008	0.00000000	0.00000000	0.00000000	0.00000000	0.00000000
16:07:27	5516.40400000	400.49971324	10408.50000000	0.00000000	0.00000000	0.00000000	0.00000000	0.00000000	0.00000000	NaN	109960.01126614	109778.90233228	112436.40809200	109661.69571612	400.49991948	392.98175151	0.00000000	0.00000008	0.00000000	0.00000000	0.00000000	0.00000000	0.00000000
16:07:27	5516.40400000	400.59866462	10509.50000000	0.00000000	0.00000000	0.00000000	0.00000000	0.00000000	0.00000000	NaN	110090.93950556	109877.61912623	112377.92738763	109604.06715495	400.59954247	393.06365396	0.00000000	0.00000008	0.00000000	0.00000000	0.00000000	0.00000000	0.00000000
16:07:27	5516.40400000	400.70027870	10521.75000000	0.00000000	0.00000000	0.00000000	0.00000000	0.00000000	0.00000000	NaN	110171.66086759	110080.88601401	112579.52590493	109804.26978078	400.70025829	392.97503037	0.00000000	0.00000008	0.00000000	0.00000000	0.00000000	0.00000000	0.00000000
16:07:27	5516.40400000	400.79895564	10666.25000000	0.00000000	0.00000000	0.00000000	0.00000000	0.00000000	0.00000000	NaN	110281.70778547	109966.49707149	112464.60152824	109641.06597362	400.79979726	392.86712894	0.00000000	0.00000008	0.00000000	0.00000000	0.00000000	0.00000000	0.00000000
16:07:27	5516.40400000	400.90014808	10611.75000000	0.00000000	0.00000000	0.00000000	0.00000000	0.00000000	0.00000000	NaN	110412.21401604	109959.58738372	112429.96434309	109630.62937463	400.89972158	392.85600273	0.00000000	0.00000008	0.00000000	0.00000000	0.00000000	0.00000000	0.00000000
16:07:27	5516.40400000	400.99884871	10792.00000000	0.00000000	0.00000000	0.00000000	0.00000000	0.00000000	0.00000000	NaN	110541.67334011	109683.43411661	112273.39497190	109511.20492437	400.99993373	392.82176129	0.00000000	0.00000008	0.00000000	0.00000000	0.00000000	0.00000000	0.00000000
16:07:27	5516.40400000	401.09984281	10491.75000000	0.00000000	0.00000000	0.00000000	0.00000000	0.00000000	0.00000000	NaN	110678.18913881	109817.45887880	112248.18402315	109559.35045684	401.09967483	392.85779655	0.00000000	0.00000008	0.00000000	0.00000000	0.00000000	0.00000000	0.00000000
16:07:27	5516.40400000	401.19976479	10441.75000000	0.00000000	0.00000000	0.00000000	0.00000000	0.00000000	0.00000000	NaN	110819.24153246	109462.79104511	112167.77509419	109438.08783543	401.19976544	392.81410918	0.00000000	0.00000008	0.00000000	0.00000000	0.00000000	0.00000000	0.00000000
16:07:27	5516.40400000	401.30063542	10549.25000000	0.00000000	0.00000000	0.00000000	0.00000000	0.00000000	0.00000000	NaN	110901.04632104	109798.77335023	112246.91395671	109417.16594317	401.30029780	392.66383736	0.00000000	0.00000008	0.00000000	0.00000000	0.00000000	0.00000000	0.00000000
16:07:27	5516.40400000	401.39923360	10749.50000000	0.00000000	0.00000000	0.00000000	0.00000000	0.00000000	0.00000000	NaN	111000.86358265	109595.25114941	112045.66846400	109255.67452071	401.39932664	392.63297918	0.00000000	0.00000008	0.00000000	0.00000000	0.00000000	0.00000000	0.00000000
16:07:27	5516.40400000	401.50237896	10545.25000000	0.00000000	0.00000000	0.00000000	0.00000000	0.00000000	0.00000000	NaN	111137.69994578	109666.65060684	112171.78826529	109406.87136068	401.50016780	392.69365104	0.00000000	0.00000008	0.00000000	0.00000000	0.00000000	0.00000000	0.00000000
16:07:27	5516.40400000	401.60047619	10660.00000000	0.00000000	0.00000000	0.00000000	0.00000000	0.00000000	0.00000000	NaN	111249.99081457	109567.30467669	112128.93814092	109343.74452207	401.59998927	392.71338301	0.00000000	0.00000008	0.00000000	0.00000000	0.00000000	0.00000000	0.00000000
16:07:27	5516.40400000	401.70087295	10660.75000000	0.00000000	0.00000000	0.00000000	0.00000000	0.00000000	0.00000000	NaN	111342.32147722	110233.98475500	112630.84461815	109824.05955918	401.70002850	392.59172142	0.00000000	0.00000008	0.00000000	0.00000000	0.00000000	0.00000000	0.00000000
16:07:27	5516.40400000	401.79989320	10385.25000000	0.00000000	0.00000000	0.00000000	0.00000000	0.00000000	0.00000000	NaN	111406.90505934	109679.89110838	112262.45118878	109560.48664182	401.79948150	392.48463741	0.00000000	0.00000008	0.00000000	0.00000000	0.00000000	0.00000000	0.00000000
16:07:27	5516.40400000	401.90001407	10677.75000000	0.00000000	0.00000000	0.00000000	0.00000000	0.00000000	0.00000000	NaN	111546.89025765	110264.33889374	112631.72108632	109826.42117727	401.89965654	392.62830164	0.00000000	0.00000008	0.00000000	0.00000000	0.00000000	0.00000000	0.00000000
16:07:27	5516.40400000	401.99935803	10581.00000000	0.00000000	0.00000000	0.00000000	0.00000000	0.00000000	0.00000000	NaN	111611.63209307	110421.13703116	112876.24273086	110052.82892059	401.99960243	392.58506840	0.00000000	0.00000008	0.00000000	0.00000000	0.00000000	0.00000000	0.00000000
16:07:27	5516.40400000	402.10093199	10779.25000000	0.00000000	0.00000000	0.00000000	0.00000000	0.00000000	0.00000000	NaN	111710.02913277	110355.42984552	112976.65649032	110275.46698015	402.09982130	392.51878804	0.00000000	0.00000008	0.00000000	0.00000000	0.00000000	0.00000000	0.00000000
16:07:27	5516.40400000	402.19962291	10708.00000000	0.00000000	0.00000000	0.00000000	0.00000000	0.00000000	0.00000000	NaN	111768.75328460	110337.88081682	112914.15861475	110239.32030009	402.20048777	392.41313455	0.00000000	0.00000008	0.00000000	0.00000000	0.00000000	0.00000000	0.00000000
16:07:27	5516.40400000	402.30031950	10668.00000000	0.00000000	0.00000000	0.00000000	0.00000000	0.00000000	0.00000000	NaN	111846.07017160	110557.45927628	113164.91707862	110401.48936758	402.30003696	392.41417905	0.00000000	0.00000008	0.00000000	0.00000000	0.00000000	0.00000000	0.00000000
16:07:27	5516.40400000	402.40016274	10682.75000000	0.00000000	0.00000000	0.00000000	0.00000000	0.00000000	0.00000000	NaN	111985.79567217	110696.75067644	113259.16302872	110484.96596548	402.40005097	392.42575938	0.00000000	0.00000008	0.00000000	0.00000000	0.00000000	0.00000000	0.00000000
16:07:27	5516.40400000	402.49945273	10978.00000000	0.00000000	0.00000000	0.00000000	0.00000000	0.00000000	0.00000000	NaN	112061.42452390	111042.87548636	113527.82439487	110692.52126858	402.50037607	392.43282111	0.00000000	0.00000008	0.00000000	0.00000000	0.00000000	0.00000000	0.00000000
16:07:27	5516.40400000	402.59901790	10800.75000000	0.00000000	0.00000000	0.00000000	0.00000000	0.00000000	0.00000000	NaN	112136.78556233	111060.72663106	113419.65623560	110588.64622786	402.59996089	392.32723574	0.00000000	0.00000008	0.00000000	0.00000000	0.00000000	0.00000000	0.00000000
16:07:27	5516.40400000	402.69968833	10843.50000000	0.00000000	0.00000000	0.00000000	0.00000000	0.00000000	0.00000000	NaN	112218.09935989	111535.91170960	113906.53677018	111086.19058505	402.69985859	392.28713601	0.00000000	0.00000008	0.00000000	0.00000000	0.00000000	0.00000000	0.00000000
16:07:27	5516.40400000	402.80025818	10807.50000000	0.00000000	0.00000000	0.00000000	0.00000000	0.00000000	0.00000000	NaN	112326.24723826	111616.28097324	114008.79676648	111235.91849569	402.80042857	392.36447445	0.00000000	0.00000008	0.00000000	0.00000000	0.00000000	0.00000000	0.00000000
16:07:27	5516.40400000	402.89989674	10498.75000000	0.00000000	0.00000000	0.00000000	0.00000000	0.00000000	0.00000000	NaN	112429.78142390	111553.91324651	113967.77264740	111179.68582138	402.89963275	392.33161810	0.00000000	0.00000008	0.00000000	0.00000000	0.00000000	0.00000000	0.00000000
16:07:27	5516.40400000	403.00034000	10649.00000000	0.00000000	0.00000000	0.00000000	0.00000000	0.00000000	0.00000000	NaN	112493.82532167	111363.72376140	113982.51048808	111214.21344743	403.00020961	392.22591920	0.00000000	0.00000008	0.00000000	0.00000000	0.00000000	0.00000000	0.00000000
16:07:27	5516.40400000	403.09992643	10772.75000000	0.00000000	0.00000000	0.00000000	0.00000000	0.00000000	0.00000000	NaN	112545.43619008	111945.04983545	114333.80849600	111538.83156739	403.09979571	392.16608749	0.00000000	0.00000008	0.00000000	0.00000000	0.00000000	0.00000000	0.00000000
16:07:27	5516.40400000	403.20001578	10853.50000000	0.00000000	0.00000000	0.00000000	0.00000000	0.00000000	0.00000000	NaN	112669.87604391	111854.85314303	114322.78757311	111517.08593856	403.20035665	392.23005179	0.00000000	0.00000008	0.00000000	0.00000000	0.00000000	0.00000000	0.00000000
16:07:27	5516.40400000	403.29954963	10788.00000000	0.00000000	0.00000000	0.00000000	0.00000000	0.00000000	0.00000000	NaN	112773.88498955	111881.73621521	114503.20853509	111740.94539194	403.29996474	392.24476562	0.00000000	0.00000008	0.00000000	0.00000000	0.00000000	0.00000000	0.00000000
16:07:27	5516.40400000	403.39966246	10927.50000000	0.00000000	0.00000000	0.00000000	0.00000000	0.00000000	0.00000000	NaN	112841.56059794	111830.86005066	114435.37062373	111705.66708117	403.40028825	392.13663712	0.00000000	0.00000008	0.00000000	0.00000000	0.00000000	0.00000000	0.00000000
16:07:27	5516.40400000	403.50186965	10615.75000000	0.00000000	0.00000000	0.00000000	0.00000000	0.00000000	0.00000000	NaN	112895.02992833	112321.20232911	114748.70813482	111993.95187146	403.50037271	392.02744141	0.00000000	0.00000008	0.00000000	0.00000000	0.00000000	0.00000000	0.00000000
16:07:27	5516.40400000	403.59996153	10853.25000000	0.00000000	0.00000000	0.00000000	0.00000000	0.00000000	0.00000000	NaN	113003.78647331	112268.02822314	114734.72503130	111900.80152686	403.59971638	392.12108314	0.00000000	0.00000008	0.00000000	0.00000000	0.00000000	0.00000000	0.00000000
16:07:27	5516.40400000	403.70037518	10774.50000000	0.00000000	0.00000000	0.00000000	0.00000000	0.00000000	0.00000000	NaN	113080.57584943	112163.53713573	114581.36539612	111806.68138667	403.70047105	392.13924837	0.00000000	0.00000008	0.00000000	0.00000000	0.00000000	0.00000000	0.00000000
16:07:27	5516.40400000	403.80076297	10849.00000000	0.00000000	0.00000000	0.00000000	0.00000000	0.00000000	0.00000000	NaN	113110.71296084	112021.27598026	114442.59758636	111658.32094744	403.80004319	392.00655140	0.00000000	0.00000008	0.00000000	0.00000000	0.00000000	0.00000000	0.00000000
16:07:27	5516.40400000	403.90066956	10827.50000000	0.00000000	0.00000000	0.00000000	0.00000000	0.00000000	0.00000000	NaN	113194.54663819	112481.72752929	114878.82074272	112113.98497335	403.90002839	392.04637865	0.00000000	0.00000008	0.00000000	0.00000000	0.00000000	0.00000000	0.00000000
16:07:27	5516.40400000	404.00009418	10825.75000000	0.00000000	0.00000000	0.00000000	0.00000000	0.00000000	0.00000000	NaN	113278.13279111	112364.99976020	114891.19290400	112141.76045613	404.00022738	392.03165347	0.00000000	0.00000008	0.00000000	0.00000000	0.00000000	0.00000000	0.00000000
16:07:27	5516.40400000	404.09956776	10673.00000000	0.00000000	0.00000000	0.00000000	0.00000000	0.00000000	0.00000000	NaN	113361.87719730	112537.53128062	115066.63904194	112259.43599875	404.10017763	392.00057958	0.00000000	0.00000008	0.00000000	0.00000000	0.00000000	0.00000000	0.00000000
16:07:27	5516.40400000	404.19924233	10875.25000000	0.00000000	0.00000000	0.00000000	0.00000000	0.00000000	0.00000000	NaN	113420.78394915	112379.92894431	114841.86656999	112130.95865284	404.19954701	391.92119755	0.00000000	0.00000008	0.00000000	0.00000000	0.00000000	0.00000000	0.00000000
16:07:27	5516.40400000	404.30003046	10859.25000000	0.00000000	0.00000000	0.00000000	0.00000000	0.00000000	0.00000000	NaN	113514.32382963	112248.23829054	114963.12514718	112252.27402540	404.29982233	391.90003506	0.00000000	0.00000008	0.00000000	0.00000000	0.00000000	0.00000000	0.00000000
16:07:27	5516.40400000	404.39995608	10909.00000000	0.00000000	0.00000000	0.00000000	0.00000000	0.00000000	0.00000000	NaN	113585.11175327	112683.51729017	115227.53802312	112404.76935105	404.39988040	391.90882249	0.00000000	0.00000008	0.00000000	0.00000000	0.00000000	0.00000000	0.00000000
16:07:27	5516.40400000	404.49977890	10700.75000000	0.00000000	0.00000000	0.00000000	0.00000000	0.00000000	0.00000000	NaN	113646.83460254	112456.40024043	114835.61357732	111992.13398558	404.50038894	391.86356837	0.00000000	0.00000008	0.00000000	0.00000000	0.00000000	0.00000000	0.00000000
16:07:27	5516.40400000	404.60056471	11001.25000000	0.00000000	0.00000000	0.00000000	0.00000000	0.00000000	0.00000000	NaN	113704.17505236	112188.01768373	114638.68154152	111885.15069251	404.60014642	391.75335087	0.00000000	0.00000008	0.00000000	0.00000000	0.00000000	0.00000000	0.00000000
16:07:27	5516.40400000	404.69972482	10920.75000000	0.00000000	0.00000000	0.00000000	0.00000000	0.00000000	0.00000000	NaN	113782.64434832	112574.43705649	114878.23238025	112013.04370859	404.69991634	391.73241544	0.00000000	0.00000008	0.00000000	0.00000000	0.00000000	0.00000000	0.00000000
16:07:27	5516.40400000	404.79954328	10838.75000000	0.00000000	0.00000000	0.00000000	0.00000000	0.00000000	0.00000000	NaN	113880.69241932	112756.56147664	115042.63322257	112202.10366581	404.80020978	391.76627088	0.00000000	0.00000008	0.00000000	0.00000000	0.00000000	0.00000000	0.00000000
16:07:27	5516.40400000	404.90017352	10856.25000000	0.00000000	0.00000000	0.00000000	0.00000000	0.00000000	0.00000000	NaN	113957.45744878	112188.59427819	114643.09637336	111852.15284615	404.89990805	391.69274713	0.00000000	0.00000008	0.00000000	0.00000000	0.00000000	0.00000000	0.00000000
16:07:27	5516.40400000	405.00009089	10938.25000000	0.00000000	0.00000000	0.00000000	0.00000000	0.00000000	0.00000000	NaN	113992.37056398	112620.17576078	114994.50802610	112225.34662193	404.99982508	391.56720272	0.00000000	0.00000008	0.00000000	0.00000000	0.00000000	0.00000000	0.00000000
16:07:27	5516.40400000	405.10066822	10918.75000000	0.00000000	0.00000000	0.00000000	0.00000000	0.00000000	0.00000000	NaN	114119.65897761	112852.43482724	115297.46979897	112454.26206539	405.10042146	391.69122580	0.00000000	0.00000008	0.00000000	0.00000000	0.00000000	0.00000000	0.00000000
16:07:27	5516.40400000	405.19908088	10785.25000000	0.00000000	0.00000000	0.00000000	0.00000000	0.00000000	0.00000000	NaN	114191.20570555	112467.23359652	115135.21551189	112433.00742221	405.20001956	391.60076298	0.00000000	0.00000008	0.00000000	0.00000000	0.00000000	0.00000000	0.00000000
16:07:27	5516.40400000	405.29998629	10829.00000000	0.00000000	0.00000000	0.00000000	0.00000000	0.00000000	0.00000000	NaN	114279.69771120	112414.27507241	115024.13383921	112210.97397344	405.29954862	391.55757515	0.00000000	0.00000008	0.00000000	0.00000000	0.00000000	0.00000000	0.00000000
16:07:27	5516.40400000	405.39895448	10618.50000000	0.00000000	0.00000000	0.00000000	0.00000000	0.00000000	0.00000000	NaN	114350.99285703	112666.51904134	115264.30957341	112494.53548878	405.39994870	391.48875166	0.00000000	0.00000008	0.00000000	0.00000000	0.00000000	0.00000000	0.00000000
16:07:27	5516.40400000	405.50072428	10898.25000000	0.00000000	0.00000000	0.00000000	0.00000000	0.00000000	0.00000000	NaN	114434.56683666	112803.34267226	115356.13710091	112569.47047022	405.49946225	391.38827526	0.00000000	0.00000008	0.00000000	0.00000000	0.00000000	0.00000000	0.00000000
16:07:27	5516.40400000	405.59971402	10803.75000000	0.00000000	0.00000000	0.00000000	0.00000000	0.00000000	0.00000000	NaN	114532.33492108	112844.52959980	115461.14427810	112684.70728838	405.59984827	391.37365225	0.00000000	0.00000008	0.00000000	0.00000000	0.00000000	0.00000000	0.00000000
16:07:27	5516.40400000	405.70028320	10807.00000000	0.00000000	0.00000000	0.00000000	0.00000000	0.00000000	0.00000000	NaN	114634.88712476	113076.95108149	115543.32234211	112810.15751966	405.69982473	391.30703129	0.00000000	0.00000008	0.00000000	0.00000000	0.00000000	0.00000000	0.00000000
16:07:27	5516.40400000	405.80067249	10858.75000000	0.00000000	0.00000000	0.00000000	0.00000000	0.00000000	0.00000000	NaN	114708.56418579	113009.42657382	115597.41255225	112859.97080163	405.80021333	391.19256766	0.00000000	0.00000008	0.00000000	0.00000000	0.00000000	0.00000000	0.00000000
16:07:27	5516.40400000	405.90003864	10918.25000000	0.00000000	0.00000000	0.00000000	0.00000000	0.00000000	0.00000000	NaN	114851.08549522	112960.48860705	115534.68741975	112819.51070383	405.89976986	391.27478801	0.00000000	0.00000008	0.00000000	0.00000000	0.00000000	0.00000000	0.00000000
16:07:27	5516.40400000	406.00014348	10846.25000000	0.00000000	0.00000000	0.00000000	0.00000000	0.00000000	0.00000000	NaN	114954.18955669	113072.40257602	115552.58628943	112790.78569793	405.99993216	391.23203161	0.00000000	0.00000008	0.00000000	0.00000000	0.00000000	0.00000000	0.00000000
16:07:27	5516.40400000	406.09930053	10946.00000000	0.00000000	0.00000000	0.00000000	0.00000000	0.00000000	0.00000000	NaN	115055.41892506	113233.12291060	115905.30857049	113110.23826665	406.09966454	391.12238177	0.00000000	0.00000008	0.00000000	0.00000000	0.00000000	0.00000000	0.00000000
16:07:27	5516.40400000	406.20004090	10881.50000000	0.00000000	0.00000000	0.00000000	0.00000000	0.00000000	0.00000000	NaN	115152.38356955	113504.10600121	116044.30771921	113292.82200842	406.19964096	391.00814521	0.00000000	0.00000008	0.00000000	0.00000000	0.00000000	0.00000000	0.00000000
16:07:27	5516.40400000	406.29975631	11056.00000000	0.00000000	0.00000000	0.00000000	0.00000000	0.00000000	0.00000000	NaN	115290.12075964	113472.75460217	115900.45952488	113119.86331673	406.29993134	390.99490731	0.00000000	0.00000008	0.00000000	0.00000000	0.00000000	0.00000000	0.00000000
16:07:27	5516.40400000	406.39944387	10611.00000000	0.00000000	0.00000000	0.00000000	0.00000000	0.00000000	0.00000000	NaN	115469.56784185	113518.71729649	116136.35840291	113401.09162574	406.40063607	391.13014741	0.00000000	0.00000008	0.00000000	0.00000000	0.00000000	0.00000000	0.00000000
16:07:27	5516.40400000	406.49956465	11050.50000000	0.00000000	0.00000000	0.00000000	0.00000000	0.00000000	0.00000000	NaN	115585.60809710	113530.11548015	116024.39626856	113263.41125566	406.49993085	391.01582002	0.00000000	0.00000008	0.00000000	0.00000000	0.00000000	0.00000000	0.00000000
16:07:27	5516.40400000	406.60027305	10955.00000000	0.00000000	0.00000000	0.00000000	0.00000000	0.00000000	0.00000000	NaN	115697.21725969	113686.30733021	116232.80772341	113483.16828642	406.60081611	390.88369072	0.00000000	0.00000008	0.00000000	0.00000000	0.00000000	0.00000000	0.00000000
16:07:27	5516.40400000	406.69872335	10833.00000000	0.00000000	0.00000000	0.00000000	0.00000000	0.00000000	0.00000000	NaN	115892.11229990	113689.09597062	116253.77424857	113524.09907801	406.69964585	391.05412594	0.00000000	0.00000008	0.00000000	0.00000000	0.00000000	0.00000000	0.00000000
16:07:27	5516.40400000	406.79999229	11003.25000000	0.00000000	0.00000000	0.00000000	0.00000000	0.00000000	0.00000000	NaN	116060.11239264	114027.57085750	116613.86138036	113857.83502055	406.80003123	391.01198262	0.00000000	0.00000008	0.00000000	0.00000000	0.00000000	0.00000000	0.00000000
16:07:27	5516.40400000	406.90223579	10898.75000000	0.00000000	0.00000000	0.00000000	0.00000000	0.00000000	0.00000000	NaN	116189.23492170	114180.32648402	116554.15526447	113721.37197934	406.90084922	390.90462614	0.00000000	0.00000008	0.00000000	0.00000000	0.00000000	0.00000000	0.00000000
16:07:27	5516.40400000	406.99929145	10948.50000000	0.00000000	0.00000000	0.00000000	0.00000000	0.00000000	0.00000000	NaN	116324.21688111	114238.94672000	116743.60886669	113987.28218606	406.99988922	390.86684247	0.00000000	0.00000008	0.00000000	0.00000000	0.00000000	0.00000000	0.00000000
16:07:27	5516.40400000	407.09901429	10878.00000000	0.00000000	0.00000000	0.00000000	0.00000000	0.00000000	0.00000000	NaN	116499.63053289	114404.96535837	116959.94111589	114217.81261779	407.10049791	390.90072061	0.00000000	0.00000008	0.00000000	0.00000000	0.00000000	0.00000000	0.00000000
16:07:27	5516.40400000	407.20009708	11003.50000000	0.00000000	0.00000000	0.00000000	0.00000000	0.00000000	0.00000000	NaN	116667.88626573	114610.41532187	117291.14504575	114609.52609625	407.20054251	390.87122483	0.00000000	0.00000008	0.00000000	0.00000000	0.00000000	0.00000000	0.00000000
16:07:27	5516.40400000	407.30099860	11181.50000000	0.00000000	0.00000000	0.00000000	0.00000000	0.00000000	0.00000000	NaN	116813.15874823	114670.32718320	117066.95283910	114345.22682721	407.30018820	390.79375015	0.00000000	0.00000008	0.00000000	0.00000000	0.00000000	0.00000000	0.00000000
16:07:27	5516.40400000	407.40140974	10957.00000000	0.00000000	0.00000000	0.00000000	0.00000000	0.00000000	0.00000000	NaN	116995.13382588	114805.61804783	117398.56249346	114697.71375833	407.40115936	390.76809176	0.00000000	0.00000008	0.00000000	0.00000000	0.00000000	0.00000000	0.00000000
16:07:27	5516.40400000	407.50210212	10900.75000000	0.00000000	0.00000000	0.00000000	0.00000000	0.00000000	0.00000000	NaN	117218.71735135	114910.92992203	117302.98966932	114557.87058313	407.50088590	390.88407673	0.00000000	0.00000008	0.00000000	0.00000000	0.00000000	0.00000000	0.00000000
16:07:27	5516.40400000	407.60013966	11047.75000000	0.00000000	0.00000000	0.00000000	0.00000000	0.00000000	0.00000000	NaN	117369.29740655	115072.19407259	117726.02514097	114975.50512957	407.60056554	390.78664300	0.00000000	0.00000008	0.00000000	0.00000000	0.00000000	0.00000000	0.00000000
16:07:27	5516.40400000	407.69992525	11111.75000000	0.00000000	0.00000000	0.00000000	0.00000000	0.00000000	0.00000000	NaN	117517.99871098	115278.45858072	117925.67594249	115236.43645665	407.69990791	390.79822333	0.00000000	0.00000008	0.00000000	0.00000000	0.00000000	0.00000000	0.00000000
16:07:27	5516.40400000	407.79975971	11124.50000000	0.00000000	0.00000000	0.00000000	0.00000000	0.00000000	0.00000000	NaN	117660.61740735	115555.06948495	118015.60842650	115234.01394982	407.79991453	390.69066249	0.00000000	0.00000008	0.00000000	0.00000000	0.00000000	0.00000000	0.00000000
16:07:27	5516.40400000	407.90018479	11082.25000000	0.00000000	0.00000000	0.00000000	0.00000000	0.00000000	0.00000000	NaN	117818.59884842	115406.59517504	117963.59578471	115170.30277723	407.90001032	390.71707019	0.00000000	0.00000008	0.00000000	0.00000000	0.00000000	0.00000000	0.00000000
16:07:27	5516.40400000	407.99996250	11098.75000000	0.00000000	0.00000000	0.00000000	0.00000000	0.00000000	0.00000000	NaN	118040.45376099	115944.00273108	118311.82207428	115577.40333803	408.00017521	390.88366801	0.00000000	0.00000008	0.00000000	0.00000000	0.00000000	0.00000000	0.00000000
16:07:27	5516.40400000	408.10017637	11188.25000000	0.00000000	0.00000000	0.00000000	0.00000000	0.00000000	0.00000000	NaN	118171.45909893	115654.35857794	118201.22733590	115436.70396883	408.10000309	390.76822800	0.00000000	0.00000008	0.00000000	0.00000000	0.00000000	0.00000000	0.00000000
16:07:27	5516.40400000	408.20036197	11112.25000000	0.00000000	0.00000000	0.00000000	0.00000000	0.00000000	0.00000000	NaN	118312.97407992	115828.46314039	118488.31108361	115742.63604239	408.19999398	390.68026290	0.00000000	0.00000008	0.00000000	0.00000000	0.00000000	0.00000000	0.00000000
16:07:27	5516.40400000	408.29943367	11092.75000000	0.00000000	0.00000000	0.00000000	0.00000000	0.00000000	0.00000000	NaN	118503.20673445	116021.66167456	118458.44174323	115582.48367877	408.30001537	390.76949957	0.00000000	0.00000008	0.00000000	0.00000000	0.00000000	0.00000000	0.00000000
16:07:27	5516.40400000	408.39971714	11111.50000000	0.00000000	0.00000000	0.00000000	0.00000000	0.00000000	0.00000000	NaN	118650.58114594	116141.46338796	118666.60573086	115834.21195059	408.39971670	390.69263796	0.00000000	0.00000008	0.00000000	0.00000000	0.00000000	0.00000000	0.00000000
16:07:27	5516.40400000	408.50036035	11092.00000000	0.00000000	0.00000000	0.00000000	0.00000000	0.00000000	0.00000000	NaN	118821.53935870	116071.52452310	118593.68751895	115902.81273691	408.50030241	390.71128002	0.00000000	0.00000008	0.00000000	0.00000000	0.00000000	0.00000000	0.00000000
16:07:27	5516.40400000	408.60019898	11383.25000000	0.00000000	0.00000000	0.00000000	0.00000000	0.00000000	0.00000000	NaN	118960.49794024	116600.10407205	118822.47714082	115948.93343039	408.60083869	390.69879143	0.00000000	0.00000008	0.00000000	0.00000000	0.00000000	0.00000000	0.00000000
16:07:27	5516.40400000	408.70000873	11083.75000000	0.00000000	0.00000000	0.00000000	0.00000000	0.00000000	0.00000000	NaN	119078.37231124	116243.87374008	118830.99848654	116063.09493883	408.70057117	390.58455487	0.00000000	0.00000008	0.00000000	0.00000000	0.00000000	0.00000000	0.00000000
16:07:27	5516.40400000	408.80041136	11195.25000000	0.00000000	0.00000000	0.00000000	0.00000000	0.00000000	0.00000000	NaN	119179.62196885	116625.75865612	119175.76753289	116365.28978098	408.80052863	390.45294782	0.00000000	0.00000008	0.00000000	0.00000000	0.00000000	0.00000000	0.00000000
16:07:27	5516.40400000	408.89938575	11108.50000000	0.00000000	0.00000000	0.00000000	0.00000000	0.00000000	0.00000000	NaN	119388.59343890	116782.90417733	119245.86966998	116407.22690329	408.89905957	390.57376927	0.00000000	0.00000008	0.00000000	0.00000000	0.00000000	0.00000000	0.00000000
16:07:27	5516.40400000	409.00144250	11265.75000000	0.00000000	0.00000000	0.00000000	0.00000000	0.00000000	0.00000000	NaN	119495.76339367	116790.92794590	119342.69637982	116700.41349466	409.00039236	390.48566793	0.00000000	0.00000008	0.00000000	0.00000000	0.00000000	0.00000000	0.00000000
16:07:27	5516.40400000	409.09965798	11231.00000000	0.00000000	0.00000000	0.00000000	0.00000000	0.00000000	0.00000000	NaN	119604.58892147	116322.65020601	118972.76502369	116251.49752735	409.10010608	390.36743502	0.00000000	0.00000008	0.00000000	0.00000000	0.00000000	0.00000000	0.00000000
16:07:27	5516.40400000	409.19994556	11327.25000000	0.00000000	0.00000000	0.00000000	0.00000000	0.00000000	0.00000000	NaN	119742.51276998	116897.95925812	119338.35460626	116586.64559811	409.20033645	390.38430597	0.00000000	0.00000008	0.00000000	0.00000000	0.00000000	0.00000000	0.00000000
16:07:27	5516.40400000	409.30020441	11053.25000000	0.00000000	0.00000000	0.00000000	0.00000000	0.00000000	0.00000000	NaN	119846.90720504	117078.78505044	119556.01775258	116774.52472532	409.29997248	390.27708573	0.00000000	0.00000008	0.00000000	0.00000000	0.00000000	0.00000000	0.00000000
16:07:27	5516.40400000	409.39973281	11238.50000000	0.00000000	0.00000000	0.00000000	0.00000000	0.00000000	0.00000000	NaN	120012.68769427	117175.09257817	119484.82003591	116717.02602871	409.40057061	390.29347985	0.00000000	0.00000008	0.00000000	0.00000000	0.00000000	0.00000000	0.00000000
16:07:27	5516.40400000	409.50055757	11142.25000000	0.00000000	0.00000000	0.00000000	0.00000000	0.00000000	0.00000000	NaN	120168.35620262	117017.22601739	119625.73444778	116867.75621930	409.50028496	390.31055516	0.00000000	0.00000008	0.00000000	0.00000000	0.00000000	0.00000000	0.00000000
16:07:27	5516.40400000	409.60026148	11229.50000000	0.00000000	0.00000000	0.00000000	0.00000000	0.00000000	0.00000000	NaN	120268.06390492	117200.04766080	119535.25412701	116765.05387330	409.60006799	390.19434313	0.00000000	0.00000008	0.00000000	0.00000000	0.00000000	0.00000000	0.00000000
16:07:27	5516.40400000	409.70009203	11230.25000000	0.00000000	0.00000000	0.00000000	0.00000000	0.00000000	0.00000000	NaN	120396.64269232	117001.81119984	119724.18428294	116987.82990556	409.70040564	390.07794945	0.00000000	0.00000008	0.00000000	0.00000000	0.00000000	0.00000000	0.00000000
16:07:27	5516.40400000	409.79723739	11209.00000000	0.00000000	0.00000000	0.00000000	0.00000000	0.00000000	0.00000000	NaN	120586.22204532	117556.09627976	120087.37971575	117291.63163662	409.79948429	390.20251748	0.00000000	0.00000008	0.00000000	0.00000000	0.00000000	0.00000000	0.00000000
16:07:27	5516.40400000	409.90083697	11092.50000000	0.00000000	0.00000000	0.00000000	0.00000000	0.00000000	0.00000000	NaN	120708.84401587	117391.17018443	120047.08589396	117286.61620159	409.90042699	390.10839891	0.00000000	0.00000008	0.00000000	0.00000000	0.00000000	0.00000000	0.00000000
16:07:27	5516.40400000	409.99979767	11063.75000000	0.00000000	0.00000000	0.00000000	0.00000000	0.00000000	0.00000000	NaN	120772.08853190	117616.68290811	119990.13099058	117140.64579807	410.00036586	389.96409890	0.00000000	0.00000008	0.00000000	0.00000000	0.00000000	0.00000000	0.00000000
16:07:27	5516.40400000	410.25061817	11390.00000000	0.00000000	0.00000000	0.00000000	0.00000000	0.00000000	0.00000000	NaN	121110.77902515	117510.24203315	120150.09260224	117434.56277003	410.25006901	389.86101125	0.00000000	0.00000008	0.00000000	0.00000000	0.00000000	0.00000000	0.00000000
16:07:27	5516.40400000	410.50017817	11326.25000000	0.00000000	0.00000000	0.00000000	0.00000000	0.00000000	0.00000000	NaN	121472.37161357	118027.89643709	120461.95716180	117679.24674791	410.49996260	389.84663802	0.00000000	0.00000008	0.00000000	0.00000000	0.00000000	0.00000000	0.00000000
16:07:27	5516.40400000	410.75027740	11337.50000000	0.00000000	0.00000000	0.00000000	0.00000000	0.00000000	0.00000000	NaN	121805.16615682	118159.91606161	120499.49971079	117699.40983642	410.75027762	389.80933119	0.00000000	0.00000008	0.00000000	0.00000000	0.00000000	0.00000000	0.00000000
16:07:27	5516.40400000	411.00036729	11264.75000000	0.00000000	0.00000000	0.00000000	0.00000000	0.00000000	0.00000000	NaN	122095.00507022	118465.73414241	121000.22940407	118273.26880858	410.99971909	389.66889129	0.00000000	0.00000008	0.00000000	0.00000000	0.00000000	0.00000000	0.00000000
16:07:27	5516.40400000	411.24942461	11220.00000000	0.00000000	0.00000000	0.00000000	0.00000000	0.00000000	0.00000000	NaN	122412.12442021	118577.87095370	121283.90053891	118609.58956638	411.25040707	389.56412335	0.00000000	0.00000008	0.00000000	0.00000000	0.00000000	0.00000000	0.00000000
16:07:27	5516.40400000	411.50035915	11218.75000000	0.00000000	0.00000000	0.00000000	0.00000000	0.00000000	0.00000000	NaN	122795.53973510	119118.35143688	121622.53016658	118875.65802644	411.50010273	389.65413204	0.00000000	0.00000008	0.00000000	0.00000000	0.00000000	0.00000000	0.00000000
16:07:27	5516.40400000	411.74970757	11463.75000000	0.00000000	0.00000000	0.00000000	0.00000000	0.00000000	0.00000000	NaN	123085.71950215	119366.45620262	121800.50020869	118998.49099362	411.75002295	389.50801551	0.00000000	0.00000008	0.00000000	0.00000000	0.00000000	0.00000000	0.00000000
16:07:27	5516.40400000	411.99991101	11438.25000000	0.00000000	0.00000000	0.00000000	0.00000000	0.00000000	0.00000000	NaN	123392.22370704	119799.44636233	122383.92334073	119565.27319438	412.00044300	389.37972361	0.00000000	0.00000008	0.00000000	0.00000000	0.00000000	0.00000000	0.00000000
16:07:27	5516.40400000	412.24994443	11257.00000000	0.00000000	0.00000000	0.00000000	0.00000000	0.00000000	0.00000000	NaN	123745.92391957	119756.83092377	122481.40335476	119762.08351392	412.24998347	389.45785679	0.00000000	0.00000008	0.00000000	0.00000000	0.00000000	0.00000000	0.00000000
16:07:27	5516.40400000	412.49988580	11479.50000000	0.00000000	0.00000000	0.00000000	0.00000000	0.00000000	0.00000000	NaN	124054.78163564	120627.28475006	122951.63481040	120132.06758668	412.50002322	389.36968733	0.00000000	0.00000008	0.00000000	0.00000000	0.00000000	0.00000000	0.00000000
16:07:27	5516.40400000	412.75092282	11571.00000000	0.00000000	0.00000000	0.00000000	0.00000000	0.00000000	0.00000000	NaN	124349.34786016	120821.40528768	123114.83049307	120245.49462925	412.75044744	389.24541448	0.00000000	0.00000008	0.00000000	0.00000000	0.00000000	0.00000000	0.00000000
16:07:27	5516.40400000	412.99917148	11566.25000000	0.00000000	0.00000000	0.00000000	0.00000000	0.00000000	0.00000000	NaN	124709.88948540	121125.28939366	123599.21551266	120797.55928088	412.99988546	389.29750326	0.00000000	0.00000008	0.00000000	0.00000000	0.00000000	0.00000000	0.00000000
16:07:27	5516.40400000	413.24970472	11643.75000000	0.00000000	0.00000000	0.00000000	0.00000000	0.00000000	0.00000000	NaN	125014.26741563	121261.97406341	123743.36810939	120983.29594063	413.25000296	389.15336220	0.00000000	0.00000008	0.00000000	0.00000000	0.00000000	0.00000000	0.00000000
16:07:27	5516.40400000	413.49966729	11648.25000000	0.00000000	0.00000000	0.00000000	0.00000000	0.00000000	0.00000000	NaN	125329.93002448	121361.79306350	123908.66168712	121169.06504620	413.50004346	389.03578778	0.00000000	0.00000008	0.00000000	0.00000000	0.00000000	0.00000000	0.00000000
16:07:27	5516.40400000	413.74953432	11624.00000000	0.00000000	0.00000000	0.00000000	0.00000000	0.00000000	0.00000000	NaN	125697.28871607	121849.62321798	124241.67940632	121432.90577672	413.74945903	389.13380052	0.00000000	0.00000008	0.00000000	0.00000000	0.00000000	0.00000000	0.00000000
16:07:27	5516.40400000	414.00034126	11582.00000000	0.00000000	0.00000000	0.00000000	0.00000000	0.00000000	0.00000000	NaN	125986.66504410	122088.16744889	124533.81906115	121716.80815405	413.99996222	389.00599681	0.00000000	0.00000008	0.00000000	0.00000000	0.00000000	0.00000000	0.00000000
16:07:27	5516.40400000	414.25017540	11523.50000000	0.00000000	0.00000000	0.00000000	0.00000000	0.00000000	0.00000000	NaN	126275.91152336	122536.25991120	125019.53498790	122206.13957303	414.24993607	388.91803171	0.00000000	0.00000008	0.00000000	0.00000000	0.00000000	0.00000000	0.00000000
16:07:27	5516.40400000	414.50031124	11612.00000000	0.00000000	0.00000000	0.00000000	0.00000000	0.00000000	0.00000000	NaN	126642.51546881	122793.78620370	125350.21133050	122577.70616722	414.49989255	388.97497969	0.00000000	0.00000008	0.00000000	0.00000000	0.00000000	0.00000000	0.00000000
16:07:27	5516.40400000	414.75042931	11689.75000000	0.00000000	0.00000000	0.00000000	0.00000000	0.00000000	0.00000000	NaN	126930.21999289	123013.11931650	125599.52935690	122816.98113542	414.75020857	388.85122910	0.00000000	0.00000008	0.00000000	0.00000000	0.00000000	0.00000000	0.00000000
16:07:27	5516.40400000	415.00068921	11626.25000000	0.00000000	0.00000000	0.00000000	0.00000000	0.00000000	0.00000000	NaN	127273.84068798	123496.51361042	125983.00962887	123185.45572093	415.00028940	388.85470319	0.00000000	0.00000008	0.00000000	0.00000000	0.00000000	0.00000000	0.00000000
16:07:27	5516.40400000	415.25012846	11844.50000000	0.00000000	0.00000000	0.00000000	0.00000000	0.00000000	0.00000000	NaN	127589.47489347	123508.60518333	126179.70218250	123446.41947014	415.24980814	388.83853614	0.00000000	0.00000008	0.00000000	0.00000000	0.00000000	0.00000000	0.00000000
16:07:27	5516.40400000	415.49954656	11803.25000000	0.00000000	0.00000000	0.00000000	0.00000000	0.00000000	0.00000000	NaN	127889.00783867	123983.82715135	126816.66770301	124087.54827742	415.49970755	388.76948558	0.00000000	0.00000008	0.00000000	0.00000000	0.00000000	0.00000000	0.00000000
16:07:27	5516.40400000	415.75006841	11891.00000000	0.00000000	0.00000000	0.00000000	0.00000000	0.00000000	0.00000000	NaN	128186.69449546	124574.65281753	127086.82643679	124326.09283278	415.74960549	388.64457695	0.00000000	0.00000008	0.00000000	0.00000000	0.00000000	0.00000000	0.00000000
16:07:27	5516.40400000	415.99976565	11784.75000000	0.00000000	0.00000000	0.00000000	0.00000000	0.00000000	0.00000000	NaN	128464.56702586	124504.42491741	126963.57147470	124190.85929500	415.99956471	388.58356450	0.00000000	0.00000008	0.00000000	0.00000000	0.00000000	0.00000000	0.00000000
16:07:27	5516.40400000	416.25145538	11803.25000000	0.00000000	0.00000000	0.00000000	0.00000000	0.00000000	0.00000000	NaN	128805.80986460	124843.60092743	127413.29494475	124686.15564937	416.25040728	388.59796044	0.00000000	0.00000008	0.00000000	0.00000000	0.00000000	0.00000000	0.00000000
16:07:27	5516.40400000	416.49788252	12098.25000000	0.00000000	0.00000000	0.00000000	0.00000000	0.00000000	0.00000000	NaN	129080.41182680	125214.33688647	127665.03128561	124941.01651352	416.50034775	388.48424614	0.00000000	0.00000008	0.00000000	0.00000000	0.00000000	0.00000000	0.00000000
16:07:27	5516.40400000	416.74371302	11929.25000000	0.00000000	0.00000000	0.00000000	0.00000000	0.00000000	0.00000000	NaN	129357.60265105	125376.35641051	127833.22621963	125064.38106842	416.74613502	388.35223036	0.00000000	0.00000008	0.00000000	0.00000000	0.00000000	0.00000000	0.00000000
16:07:27	5516.40400000	417.00002447	11949.75000000	0.00000000	0.00000000	0.00000000	0.00000000	0.00000000	0.00000000	NaN	129669.48747131	125743.02955590	128301.28671332	125583.40322738	416.99982145	388.36072261	0.00000000	0.00000008	0.00000000	0.00000000	0.00000000	0.00000000	0.00000000
16:07:27	5516.40400000	417.24993023	11918.00000000	0.00000000	0.00000000	0.00000000	0.00000000	0.00000000	0.00000000	NaN	129974.76623031	126158.23321054	128735.50952722	126022.92950705	417.24986932	388.33992342	0.00000000	0.00000008	0.00000000	0.00000000	0.00000000	0.00000000	0.00000000
16:07:27	5516.40400000	417.50118966	11876.75000000	0.00000000	0.00000000	0.00000000	0.00000000	0.00000000	0.00000000	NaN	130251.76228138	126224.44065795	128788.54060559	125923.20556697	417.50001467	388.21601388	0.00000000	0.00000008	0.00000000	0.00000000	0.00000000	0.00000000	0.00000000
16:07:27	5516.40400000	417.74382317	12031.75000000	0.00000000	0.00000000	0.00000000	0.00000000	0.00000000	0.00000000	NaN	130513.19269899	126647.64672085	128966.79067433	126200.17727797	417.74883802	388.08402081	0.00000000	0.00000008	0.00000000	0.00000000	0.00000000	0.00000000	0.00000000
16:07:27	5516.40400000	418.00006639	12098.75000000	0.00000000	0.00000000	0.00000000	0.00000000	0.00000000	0.00000000	NaN	130857.88464954	126949.88214006	129473.66783618	126686.12043527	417.99972086	388.19437456	0.00000000	0.00000008	0.00000000	0.00000000	0.00000000	0.00000000	0.00000000
16:07:27	5516.40400000	418.24962664	12291.75000000	0.00000000	0.00000000	0.00000000	0.00000000	0.00000000	0.00000000	NaN	131126.21734673	127106.27291614	129674.36557568	126801.61291484	418.24964785	388.06842143	0.00000000	0.00000008	0.00000000	0.00000000	0.00000000	0.00000000	0.00000000
16:07:27	5516.40400000	418.50144017	12217.75000000	0.00000000	0.00000000	0.00000000	0.00000000	0.00000000	0.00000000	NaN	131392.13972401	127572.21146614	129865.57616071	127019.94973394	418.50050314	387.94616946	0.00000000	0.00000008	0.00000000	0.00000000	0.00000000	0.00000000	0.00000000
16:07:27	5516.40400000	418.74980532	12235.75000000	0.00000000	0.00000000	0.00000000	0.00000000	0.00000000	0.00000000	NaN	131676.09486398	127925.85494607	130358.78678585	127540.44487218	418.75011283	387.94224123	0.00000000	0.00000008	0.00000000	0.00000000	0.00000000	0.00000000	0.00000000
16:07:27	5516.40400000	418.99952697	12211.75000000	0.00000000	0.00000000	0.00000000	0.00000000	0.00000000	0.00000000	NaN	131987.76056536	127972.84112735	130676.99365174	127908.55019402	418.99964896	387.94800869	0.00000000	0.00000008	0.00000000	0.00000000	0.00000000	0.00000000	0.00000000
16:07:27	5516.40400000	419.25003717	12123.25000000	0.00000000	0.00000000	0.00000000	0.00000000	0.00000000	0.00000000	NaN	132246.14359289	128200.93110206	130677.41970100	127881.46047498	419.25009835	387.83127441	0.00000000	0.00000008	0.00000000	0.00000000	0.00000000	0.00000000	0.00000000
16:07:27	5516.40400000	419.50109265	12060.50000000	0.00000000	0.00000000	0.00000000	0.00000000	0.00000000	0.00000000	NaN	132525.74879592	128323.49704644	130939.13825106	128214.92861518	419.50027403	387.71533487	0.00000000	0.00000008	0.00000000	0.00000000	0.00000000	0.00000000	0.00000000
16:07:27	5516.40400000	419.75064608	12145.50000000	0.00000000	0.00000000	0.00000000	0.00000000	0.00000000	0.00000000	NaN	132809.98798093	128809.79422500	131284.33334731	128511.21939245	419.75017418	387.72528033	0.00000000	0.00000008	0.00000000	0.00000000	0.00000000	0.00000000	0.00000000
16:07:27	5516.40400000	420.00016841	12174.25000000	0.00000000	0.00000000	0.00000000	0.00000000	0.00000000	0.00000000	NaN	133082.09035409	129327.53780731	131613.17563462	128766.48199093	419.99998381	387.68835951	0.00000000	0.00000008	0.00000000	0.00000000	0.00000000	0.00000000	0.00000000
16:07:27	5516.40400000	420.24982328	12252.00000000	0.00000000	0.00000000	0.00000000	0.00000000	0.00000000	0.00000000	NaN	133333.58327637	128756.69325752	131451.06340096	128741.57941663	420.24998751	387.56756076	0.00000000	0.00000008	0.00000000	0.00000000	0.00000000	0.00000000	0.00000000
16:07:27	5516.40400000	420.50002185	12187.00000000	0.00000000	0.00000000	0.00000000	0.00000000	0.00000000	0.00000000	NaN	133574.40424467	129621.42255637	131967.11929697	129195.68932186	420.50010312	387.44932785	0.00000000	0.00000008	0.00000000	0.00000000	0.00000000	0.00000000	0.00000000
16:07:27	5516.40400000	420.75043618	12378.00000000	0.00000000	0.00000000	0.00000000	0.00000000	0.00000000	0.00000000	NaN	133847.92278276	129511.58112324	132058.51670807	129324.87678508	420.74973640	387.46878735	0.00000000	0.00000008	0.00000000	0.00000000	0.00000000	0.00000000	0.00000000
16:07:27	5516.40400000	421.00007722	12559.75000000	0.00000000	0.00000000	0.00000000	0.00000000	0.00000000	0.00000000	NaN	134104.85718478	129867.73459315	132361.25933822	129584.84234022	421.00018014	387.37659883	0.00000000	0.00000008	0.00000000	0.00000000	0.00000000	0.00000000	0.00000000
16:07:27	5516.40400000	421.25009722	12304.75000000	0.00000000	0.00000000	0.00000000	0.00000000	0.00000000	0.00000000	NaN	134345.35353089	130345.41635333	132671.91878758	129950.26143458	421.25007573	387.26817514	0.00000000	0.00000008	0.00000000	0.00000000	0.00000000	0.00000000	0.00000000
16:07:27	5516.40400000	421.49991855	12319.50000000	0.00000000	0.00000000	0.00000000	0.00000000	0.00000000	0.00000000	NaN	134596.52588933	130540.81077277	133100.67168939	130308.47796461	421.49991898	387.16996940	0.00000000	0.00000008	0.00000000	0.00000000	0.00000000	0.00000000	0.00000000
16:07:27	5516.40400000	421.74970543	12302.25000000	0.00000000	0.00000000	0.00000000	0.00000000	0.00000000	0.00000000	NaN	134867.69903198	130674.54864439	133094.32931746	130311.31432674	421.74983317	387.07753111	0.00000000	0.00000008	0.00000000	0.00000000	0.00000000	0.00000000	0.00000000
16:07:27	5516.40400000	421.99954005	12394.00000000	0.00000000	0.00000000	0.00000000	0.00000000	0.00000000	0.00000000	NaN	135203.83718990	131020.36365670	133540.85936197	130853.68091465	421.99999524	387.14015572	0.00000000	0.00000008	0.00000000	0.00000000	0.00000000	0.00000000	0.00000000
16:07:27	5516.40400000	422.25083184	12394.75000000	0.00000000	0.00000000	0.00000000	0.00000000	0.00000000	0.00000000	NaN	135443.50980767	131371.59128662	133757.62977663	131034.32096062	422.25027418	387.06245397	0.00000000	0.00000008	0.00000000	0.00000000	0.00000000	0.00000000	0.00000000
16:07:27	5516.40400000	422.50034740	12356.25000000	0.00000000	0.00000000	0.00000000	0.00000000	0.00000000	0.00000000	NaN	135694.90128602	131507.58388743	133822.75311022	130926.28671017	422.50049184	386.93416207	0.00000000	0.00000008	0.00000000	0.00000000	0.00000000	0.00000000	0.00000000
16:07:27	5516.40400000	422.74974240	12603.00000000	0.00000000	0.00000000	0.00000000	0.00000000	0.00000000	0.00000000	NaN	135967.71377146	131568.54250154	134104.95529894	131378.55033883	422.75026207	386.90130572	0.00000000	0.00000008	0.00000000	0.00000000	0.00000000	0.00000000	0.00000000
16:07:27	5516.40400000	422.99993133	12677.50000000	0.00000000	0.00000000	0.00000000	0.00000000	0.00000000	0.00000000	NaN	136230.10994279	131758.06946910	134293.70274612	131565.74370991	422.99999366	386.91343100	0.00000000	0.00000008	0.00000000	0.00000000	0.00000000	0.00000000	0.00000000
16:07:27	5516.40400000	423.24966667	12546.50000000	0.00000000	0.00000000	0.00000000	0.00000000	0.00000000	0.00000000	NaN	136482.11414591	132011.74725845	134578.67646345	131788.79162723	423.24966731	386.79406277	0.00000000	0.00000008	0.00000000	0.00000000	0.00000000	0.00000000	0.00000000
16:07:27	5516.40400000	423.49969707	12457.50000000	0.00000000	0.00000000	0.00000000	0.00000000	0.00000000	0.00000000	NaN	136712.87182704	132277.21771191	134703.26641651	131923.02695205	423.50011485	386.66048024	0.00000000	0.00000008	0.00000000	0.00000000	0.00000000	0.00000000	0.00000000
16:07:27	5516.40400000	423.75010657	12628.50000000	0.00000000	0.00000000	0.00000000	0.00000000	0.00000000	0.00000000	NaN	137012.35202553	132743.31671802	135255.76127699	132567.51155502	423.75012713	386.67124314	0.00000000	0.00000008	0.00000000	0.00000000	0.00000000	0.00000000	0.00000000
16:07:27	5516.40400000	423.99989258	12552.50000000	0.00000000	0.00000000	0.00000000	0.00000000	0.00000000	0.00000000	NaN	137275.39744111	133120.24074089	135522.77924056	132732.46426107	424.00043637	386.62521700	0.00000000	0.00000008	0.00000000	0.00000000	0.00000000	0.00000000	0.00000000
16:07:27	5516.40400000	424.25022438	12450.25000000	0.00000000	0.00000000	0.00000000	0.00000000	0.00000000	0.00000000	NaN	137520.54400128	133038.53655994	135539.22549032	132811.81004956	424.24986826	386.53028099	0.00000000	0.00000008	0.00000000	0.00000000	0.00000000	0.00000000	0.00000000
16:07:27	5516.40400000	424.49967855	12755.25000000	0.00000000	0.00000000	0.00000000	0.00000000	0.00000000	0.00000000	NaN	137754.44240246	133485.51944314	136003.74753020	133294.06873911	424.50068557	386.40335148	0.00000000	0.00000008	0.00000000	0.00000000	0.00000000	0.00000000	0.00000000
16:07:27	5516.40400000	424.74992972	12770.75000000	0.00000000	0.00000000	0.00000000	0.00000000	0.00000000	0.00000000	NaN	138006.00025149	133531.42668448	136004.38871277	133234.65477577	424.74984492	386.41020886	0.00000000	0.00000008	0.00000000	0.00000000	0.00000000	0.00000000	0.00000000
16:07:27	5516.40400000	424.99972001	12703.75000000	0.00000000	0.00000000	0.00000000	0.00000000	0.00000000	0.00000000	NaN	138223.61073484	133892.33334660	136625.20026273	133904.26513737	424.99957362	386.33223463	0.00000000	0.00000008	0.00000000	0.00000000	0.00000000	0.00000000	0.00000000
16:07:27	5516.40400000	425.24963604	12753.25000000	0.00000000	0.00000000	0.00000000	0.00000000	0.00000000	0.00000000	NaN	138487.57726666	134165.20131265	136628.81569690	133841.64551222	425.24982604	386.26899694	0.00000000	0.00000008	0.00000000	0.00000000	0.00000000	0.00000000	0.00000000
16:07:27	5516.40400000	425.50026723	12705.75000000	0.00000000	0.00000000	0.00000000	0.00000000	0.00000000	0.00000000	NaN	138752.83417171	134479.48616093	136865.24214210	134046.72557675	425.50052268	386.12760337	0.00000000	0.00000008	0.00000000	0.00000000	0.00000000	0.00000000	0.00000000
16:07:27	5516.40400000	425.74908628	12864.00000000	0.00000000	0.00000000	0.00000000	0.00000000	0.00000000	0.00000000	NaN	138998.46360802	134428.68605759	136892.83496377	134083.19686856	425.74971995	386.06202690	0.00000000	0.00000008	0.00000000	0.00000000	0.00000000	0.00000000	0.00000000
16:07:27	5516.40400000	426.00022229	12939.75000000	0.00000000	0.00000000	0.00000000	0.00000000	0.00000000	0.00000000	NaN	139262.00407362	134958.01254553	137329.74407922	134589.44519217	425.99996835	385.96863494	0.00000000	0.00000008	0.00000000	0.00000000	0.00000000	0.00000000	0.00000000
16:07:27	5516.40400000	426.24988010	12781.50000000	0.00000000	0.00000000	0.00000000	0.00000000	0.00000000	0.00000000	NaN	139537.13760996	135246.50297932	137752.57250257	135013.06495185	426.25000853	385.95389840	0.00000000	0.00000008	0.00000000	0.00000000	0.00000000	0.00000000	0.00000000
16:07:27	5516.40400000	426.50016912	12778.50000000	0.00000000	0.00000000	0.00000000	0.00000000	0.00000000	0.00000000	NaN	139726.25032387	135321.95279575	137732.26743365	134916.13683318	426.50000046	385.93155518	0.00000000	0.00000008	0.00000000	0.00000000	0.00000000	0.00000000	0.00000000
16:07:27	5516.40400000	426.75083696	12810.75000000	0.00000000	0.00000000	0.00000000	0.00000000	0.00000000	0.00000000	NaN	139930.06842260	135596.32897267	138216.57139526	135513.23473198	426.74984202	385.82449388	0.00000000	0.00000008	0.00000000	0.00000000	0.00000000	0.00000000	0.00000000
16:07:27	5516.40400000	427.00078196	12864.50000000	0.00000000	0.00000000	0.00000000	0.00000000	0.00000000	0.00000000	NaN	140160.12816758	135954.47983140	138573.85849580	135830.40274131	427.00018865	385.66965804	0.00000000	0.00000008	0.00000000	0.00000000	0.00000000	0.00000000	0.00000000
16:07:27	5516.40400000	427.24991614	13060.00000000	0.00000000	0.00000000	0.00000000	0.00000000	0.00000000	0.00000000	NaN	140364.87955468	135931.30202511	138613.77897774	135887.04932996	427.24991681	385.57161124	0.00000000	0.00000008	0.00000000	0.00000000	0.00000000	0.00000000	0.00000000
16:07:27	5516.40400000	427.50036126	12943.25000000	0.00000000	0.00000000	0.00000000	0.00000000	0.00000000	0.00000000	NaN	140652.65712546	136474.78070498	138742.53635552	135925.77270786	427.49989476	385.62129313	0.00000000	0.00000008	0.00000000	0.00000000	0.00000000	0.00000000	0.00000000
16:07:27	5516.40400000	427.74888748	13070.25000000	0.00000000	0.00000000	0.00000000	0.00000000	0.00000000	0.00000000	NaN	140846.33078045	136670.14195242	139293.36742291	136472.03068462	427.74997503	385.49615744	0.00000000	0.00000008	0.00000000	0.00000000	0.00000000	0.00000000	0.00000000
16:07:27	5516.40400000	428.00034410	12978.00000000	0.00000000	0.00000000	0.00000000	0.00000000	0.00000000	0.00000000	NaN	141059.53046067	136697.43890266	139223.78053817	136457.42672794	428.00004494	385.40667100	0.00000000	0.00000008	0.00000000	0.00000000	0.00000000	0.00000000	0.00000000
16:07:27	5516.40400000	428.25021987	12928.75000000	0.00000000	0.00000000	0.00000000	0.00000000	0.00000000	0.00000000	NaN	141305.22076491	137173.42543599	139512.68221209	136774.21742590	428.24983698	385.36638961	0.00000000	0.00000008	0.00000000	0.00000000	0.00000000	0.00000000	0.00000000
16:07:27	5516.40400000	428.50038758	13053.75000000	0.00000000	0.00000000	0.00000000	0.00000000	0.00000000	0.00000000	NaN	141480.68311578	137183.46688597	139582.29734750	136744.33998816	428.50011003	385.27540454	0.00000000	0.00000008	0.00000000	0.00000000	0.00000000	0.00000000	0.00000000
16:07:27	5516.40400000	428.74956521	12946.00000000	0.00000000	0.00000000	0.00000000	0.00000000	0.00000000	0.00000000	NaN	141742.06890317	137082.20850397	139724.66454518	137049.54167314	428.74975867	385.22919675	0.00000000	0.00000008	0.00000000	0.00000000	0.00000000	0.00000000	0.00000000
16:07:27	5516.40400000	428.99920401	13198.25000000	0.00000000	0.00000000	0.00000000	0.00000000	0.00000000	0.00000000	NaN	141997.72105147	137893.12838272	140191.50377441	137378.47728482	428.99997418	385.22824307	0.00000000	0.00000008	0.00000000	0.00000000	0.00000000	0.00000000	0.00000000
16:07:27	5516.40400000	429.25024780	13148.25000000	0.00000000	0.00000000	0.00000000	0.00000000	0.00000000	0.00000000	NaN	142175.48822032	137766.95719214	140166.48363021	137392.37114474	429.24988379	385.09193577	0.00000000	0.00000008	0.00000000	0.00000000	0.00000000	0.00000000	0.00000000
16:07:27	5516.40400000	429.49995534	13094.25000000	0.00000000	0.00000000	0.00000000	0.00000000	0.00000000	0.00000000	NaN	142374.69262751	138133.22399057	140611.36198251	137834.27523711	429.50004090	384.96859389	0.00000000	0.00000008	0.00000000	0.00000000	0.00000000	0.00000000	0.00000000
16:07:27	5516.40400000	429.75064079	13099.75000000	0.00000000	0.00000000	0.00000000	0.00000000	0.00000000	0.00000000	NaN	142626.66842940	138568.52090352	140937.81413131	138134.55479619	429.75003902	384.94241326	0.00000000	0.00000008	0.00000000	0.00000000	0.00000000	0.00000000	0.00000000
16:07:27	5516.40400000	430.00075903	13133.50000000	0.00000000	0.00000000	0.00000000	0.00000000	0.00000000	0.00000000	NaN	142907.23938856	138572.28170460	141080.84276591	138319.20398013	430.00011448	384.94207266	0.00000000	0.00000008	0.00000000	0.00000000	0.00000000	0.00000000	0.00000000
